slot	slotGap	totalTime	mut	gc	majGcCount	mut_forecast	mut_headerTick	mut_headerApply	mut_blockTick	mut_blockApply	...era-specific stats
66	3	414276	352086	62189	0	91	1	476	350855	652	1	325	0
100	34	28847	28847	0	0	156	1	421	42	28213	48	63918	0
104	4	32222	29564	2658	0	166	1	427	44	28913	48	63558	0
111	7	28862	28862	0	0	160	1	442	43	28204	48	63564	0
133	22	31885	28943	2941	0	158	1	429	44	28299	48	63558	0
144	11	28725	28725	0	0	149	1	412	42	28109	48	63564	0
150	6	28914	28914	0	0	155	1	414	42	28290	48	63559	0
158	8	32128	29065	3062	0	156	1	443	44	28408	48	63563	0
183	25	28937	28937	0	0	195	1	436	42	28252	48	63564	0
200	17	32452	29460	2991	0	160	1	418	42	28828	48	63558	0
203	3	29043	29043	0	0	160	2	416	43	28410	48	63564	0
260	57	1150804	995683	155121	0	152	1	431	965753	29333	48	63559	0
273	13	33545	28758	4786	0	161	1	428	50	28107	48	63563	0
280	7	28939	28939	0	0	161	1	417	41	28298	48	63564	0
291	11	31887	29079	2807	0	157	1	437	42	28429	48	63558	0
300	9	28658	28658	0	0	164	1	438	44	27999	48	63564	0
317	17	31955	29016	2938	0	150	1	633	45	28177	48	63559	0
336	19	31913	28939	2974	0	155	1	423	52	28296	48	63563	0
361	25	28626	28626	0	0	156	1	420	42	27996	48	63564	0
396	35	31903	28560	3342	0	153	1	426	43	27925	48	63558	0
454	58	28507	28507	0	0	156	1	425	43	27870	48	63564	0
460	6	31498	28359	3139	0	160	1	443	44	27700	48	63559	0
492	32	31903	28972	2930	0	162	1	431	44	28321	48	63563	0
505	13	28232	28232	0	0	155	1	426	43	27595	48	63564	0
509	4	31502	28488	3013	0	152	1	420	43	27861	48	63558	0
552	43	28506	28506	0	0	163	1	431	44	27855	48	63564	0
564	12	31637	28399	3238	0	156	1	421	43	27765	48	63559	0
567	3	28501	28501	0	0	155	1	419	43	27871	48	63563	0
581	14	28473	28473	0	0	150	1	442	43	27825	48	63564	0
595	14	32454	29212	3241	0	152	1	409	41	28597	48	63558	0
608	13	1942856	1699371	243485	0	173	1	427	1670868	27889	48	63564	0
622	14	30774	28798	1976	0	167	1	429	42	28146	48	63559	0
631	9	29122	29122	0	0	165	1	452	45	28448	48	63563	0
634	3	32170	29206	2964	0	164	1	439	43	28547	48	63564	0
639	5	29169	29169	0	0	174	1	505	43	28433	48	63558	0
643	4	29116	29116	0	0	155	1	487	44	28418	48	63564	0
649	6	32477	29325	3152	0	158	1	432	45	28675	48	63559	0
661	12	29089	29089	0	0	157	1	425	46	28448	48	63563	0
667	6	32480	29421	3058	0	166	1	432	43	28768	48	63564	0
675	8	28963	28963	0	0	156	1	431	42	28322	48	63558	0
710	35	32214	29137	3076	0	158	1	428	44	28494	48	63564	0
769	59	32223	29194	3029	0	160	1	435	43	28543	48	63559	0
772	3	29108	29108	0	0	162	1	424	44	28466	48	63563	0
778	6	32770	29515	3255	0	170	1	436	44	28851	48	63564	0
781	3	28946	28946	0	0	160	1	427	43	28303	48	63558	0
786	5	32287	29388	2899	0	166	1	436	44	28730	48	63564	0
798	12	28950	28950	0	0	156	1	426	43	28313	48	63559	0
804	6	29148	29148	0	0	162	1	427	42	28503	48	63563	0
806	2	32444	29481	2962	0	154	1	421	43	28850	48	63564	0
810	4	29238	29238	0	0	161	1	438	43	28583	48	63558	0
858	48	1153087	997195	155892	0	155	1	433	967524	29070	48	63564	0
886	28	31503	29293	2210	0	157	1	426	48	28648	48	63559	0
892	6	39813	39813	0	0	214	1	425	43	39117	83	64129	0
901	9	69495	66280	3214	0	334	1	415	45	65473	172	63706	0
912	11	68173	65355	2818	0	336	1	418	42	64546	172	63712	0
924	12	67655	65011	2643	0	385	2	421	43	64150	172	63706	0
931	7	67871	65478	2392	0	342	1	412	41	64670	172	63712	0
937	6	69170	65153	4017	0	349	1	420	41	64331	172	63706	0
943	6	69460	65612	3847	0	357	1	423	42	64777	172	63712	0
987	44	69642	65770	3871	0	349	1	421	42	64945	172	63706	0
1026	39	69938	65959	3978	0	357	2	429	42	65117	172	63710	0
1059	33	69099	65184	3915	0	365	1	425	44	64338	172	63708	0
1103	44	68744	65515	3228	0	348	1	432	42	64680	172	63708	0
1133	30	68372	65206	3165	0	369	2	423	42	64359	172	63710	0
1150	17	68459	65508	2950	0	363	2	416	43	64673	172	63706	0
1154	4	68210	65159	3051	0	374	2	428	43	64302	172	63712	0
1194	40	68228	65301	2927	0	364	1	414	42	64469	172	63706	0
1225	31	1974839	1724498	250341	0	397	1	438	1660006	63642	172	63712	0
1255	30	68732	65366	3365	0	375	2	430	44	64504	172	63706	0
1269	14	68861	65413	3448	0	350	2	417	41	64593	172	63712	0
1281	12	68360	64922	3437	0	343	2	414	42	64110	172	63706	0
1325	44	68596	65458	3138	0	349	1	425	44	64626	172	63712	0
1328	3	69224	65891	3333	0	386	2	432	44	65017	172	63706	0
1329	1	69189	65665	3523	0	351	1	412	42	64847	172	63712	0
1343	14	68253	65253	2999	0	382	1	418	44	64397	172	63706	0
1354	11	68315	65323	2992	0	380	1	430	51	64450	172	63710	0
1356	2	68124	65393	2731	0	355	1	415	42	64569	172	63708	0
1371	15	67848	65085	2762	0	346	1	418	41	64268	172	63708	0
1390	19	67644	65092	2551	0	391	1	429	44	64216	172	63710	0
1427	37	66754	64397	2357	0	371	2	434	44	63536	172	63706	0
1453	26	1532712	1374756	157956	0	364	1	418	1309129	64832	172	63712	0
1493	40	451273	375106	76167	0	376	2	428	308475	65814	172	63706	0
1495	2	471684	386910	84774	0	354	1	420	320284	65839	172	63712	0
1532	37	481902	394442	87459	0	354	1	432	328133	65511	172	63706	0
1570	38	473135	389120	84015	0	357	1	428	322603	65718	172	63712	0
1573	3	487230	400183	87047	0	349	1	412	333480	65928	172	63706	0
1576	3	480697	397448	83248	0	371	1	435	331338	65290	172	63712	0
1635	59	478906	394767	84139	0	352	1	417	327821	66164	172	63706	0
1658	23	480307	395895	84411	0	346	1	424	329876	65236	172	63712	0
1668	10	480567	396901	83665	0	357	1	409	330201	65919	172	63706	0
1675	7	485851	400571	85279	0	358	1	429	334650	65121	172	63710	0
1684	9	1134365	887564	246801	0	358	1	417	822872	63905	172	63708	0
1723	39	67451	65328	2123	0	366	1	415	43	64491	172	63708	0
1779	56	67363	64665	2697	0	357	1	448	45	63801	172	63710	0
1806	27	3930679	3202519	728159	0	357	1	412	3138450	63287	172	63706	0
1827	21	67596	64137	3458	0	366	1	450	56	63251	172	63712	0
1841	14	67959	64359	3599	0	339	1	423	43	63541	172	63706	0
1846	5	68390	64853	3536	0	348	1	416	43	64033	172	63712	0
1867	21	68132	64479	3653	0	338	1	407	43	63678	172	63706	0
1872	5	67796	64508	3287	0	361	1	430	44	63659	172	63712	0
1881	9	67718	64416	3301	0	353	1	412	43	63595	172	63706	0
1903	22	68137	64588	3549	0	347	1	412	42	63775	172	63712	0
1924	21	67855	64764	3090	0	349	1	420	44	63940	172	63706	0
1926	2	68031	64939	3092	0	357	1	414	42	64114	172	63712	0
1941	15	67501	64672	2829	0	379	1	423	44	63813	172	63706	0
1943	2	67506	64789	2716	0	362	1	411	42	63962	172	63710	0
1961	18	67180	64788	2391	0	355	1	414	43	63963	172	63708	0
1987	26	70862	64865	5996	0	362	1	425	44	64020	172	63708	0
1995	8	68888	65518	3370	0	349	1	429	44	64683	172	63710	0
2012	17	69169	65272	3897	0	375	1	425	43	64415	172	63706	0
2033	21	69022	65515	3507	0	361	1	417	43	64681	172	63712	0
2070	37	1517764	1357514	160249	0	361	2	431	1291637	65071	172	63706	0
2084	14	438308	366262	72046	0	342	2	430	300311	65165	172	63712	0
2089	5	465567	381947	83619	0	373	2	424	316759	64378	172	63706	0
2109	20	469514	385069	84444	0	363	1	412	317852	66429	172	63712	0
2167	58	475824	393156	82667	0	351	1	426	326377	65989	172	63706	0
2213	46	478267	394137	84130	0	354	1	413	326286	67070	172	63712	0
2218	5	479436	395969	83466	0	343	1	418	329042	66152	172	63706	0
2260	42	477367	394296	83071	0	375	1	425	327729	65753	172	63712	0
2304	44	2453724	1941978	511746	0	355	1	415	1877177	64018	172	63706	0
2321	17	68814	65647	3166	0	354	1	419	43	64817	172	63710	0
2327	6	69452	65860	3591	0	340	1	415	42	65049	172	63708	0
